[brew.jpg]
filters=Vignette=1,50.000000,2.000000,0.000000,00000000;
moddate=893d4048ed7ccd01
width=400
height=350
textactive=0
[worldtree.jpg]
filters=crop64=1,e6dffffffff;crop64=1,16eaffffffff;
crop=rect64(16eaffffffff)
moddate=953b4406fa7ccd01
width=1600
height=905
textactive=0
